1	1.5944963655244029
2	1.93020719738277
3	2.309005297233667
4	2.5852687458526873
5	2.829715061058345
6	3.036153846153846
7	3.448247078464107
8	3.788808664259928
9	4.287512100677638
10	4.560758082497213
11	4.794489092996556
12	5.564356435643564
13	5.635734072022161
14	6.025495750708215
15	7.0192
16	5.968253968253968
17	6.620111731843576
18	6.607723577235772
19	7.989035087719298
20	7.885135135135135
21	8.970982142857142
22	10.235602094240837
23	9.17008797653959
24	9.403614457831326
25	9.595166163141993
26	9.799307958477508
27	10.720754716981132
28	11.297397769516728
29	11.918552036199095
30	14.02892561983471
31	15.168141592920353
32	11.502347417840376
33	12.540816326530612
34	12.698863636363637
35	13.252747252747254
36	12.475862068965517
37	10.979591836734693
38	14.172131147540984
39	14.294117647058824
40	15.543859649122806
41	17.245454545454546
42	18.54255319148936
43	20.0625
44	19.03960396039604
45	19.444444444444443
46	15.068181818181818
47	19.044776119402986
48	19.15
49	19.206349206349206
50	18.492753623188406
51	21.276923076923076
52	17.984848484848484
53	22.01923076923077
54	20.294117647058822
55	21.21311475409836
56	23.833333333333332
57	23.44736842105263
58	22.186046511627907
59	22.102564102564102
60	20.13888888888889
61	19.333333333333332
62	22.696969696969695
63	20.233333333333334
64	23.727272727272727
65	23.952380952380953
66	21.185185185185187
67	18.681818181818183
68	23.68421052631579
69	26.615384615384617
70	24.736842105263158
71	29.210526315789473
72	29.714285714285715
73	32.57142857142857
74	39.0
75	32.63636363636363
76	23.941176470588236
77	25.0
78	19.833333333333332
79	23.857142857142858
80	32.15384615384615
81	25.833333333333332
82	17.5
83	17.5
84	29.25
85	30.5
86	20.333333333333332
87	26.0
88	32.77777777777778
89	31.166666666666668
90	34.714285714285715
91	32.2
92	27.375
93	14.857142857142858
94	32.25
95	64.8
96	29.833333333333332
97	22.5
98	24.5
99	5.0
100	37.5
101	17.75
102	34.666666666666664
103	57.4
104	19.0
105	31.8
106	15.75
107	22.2
108	32.0
109	4.5
110	17.0
111	30.75
112	41.5
113	56.333333333333336
114	22.333333333333332
115	22.0
116	2.5
117	14.0
118	14.666666666666666
119	20.666666666666668
120	53.5
121	41.0
122	38.0
123	14.0
124	6.333333333333333
125	32.0
126	21.0
127	19.0
129	14.0
130	33.0
131	39.0
132	28.0
133	54.0
138	94.0
139	5.0
140	48.0
142	4.0
143	14.0
144	36.0
148	6.0
150	5.0
152	11.0
159	11.0
160	8.0
165	118.0
168	127.0
170	48.0
172	29.0
176	23.0
177	36.0
178	34.0
180	24.0
185	6.0
186	18.0
187	10.0
203	8.0
205	105.0
235	1.0
278	6.0
281	12.0
291	25.0
304	2.0
342	1.0
384	6.0
