1	10532
2	6394
3	4650
4	3520
5	2928
6	2401
7	2119
8	1816
9	1634
10	1373
11	1295
12	1123
13	1030
14	931
15	833
16	759
17	691
18	636
19	578
20	539
21	551
22	473
23	416
24	393
25	395
26	338
27	322
28	323
29	252
30	277
31	265
32	246
33	230
34	216
35	207
36	164
37	170
38	138
39	156
40	145
41	127
42	120
43	111
44	111
45	99
46	101
47	79
48	66
49	76
50	79
51	73
52	73
53	60
54	61
55	68
56	48
57	46
58	50
59	42
60	40
61	42
62	37
63	32
64	34
65	23
66	27
67	29
68	22
69	16
70	22
71	23
72	18
73	18
74	11
75	14
76	18
77	11
78	15
79	8
80	14
81	13
82	11
83	11
84	5
85	10
86	3
87	8
88	9
89	7
90	10
91	7
92	8
93	9
94	4
95	6
96	6
97	5
98	5
99	1
100	6
101	4
102	3
103	5
104	3
105	5
106	4
107	6
108	2
109	3
110	4
111	4
112	2
113	3
114	3
115	1
116	2
117	1
118	3
119	3
120	2
121	1
122	1
123	3
124	3
125	1
126	1
127	1
129	3
130	1
131	1
132	1
133	1
137	1
138	2
139	1
140	1
142	2
143	1
144	2
148	1
150	1
151	1
152	1
155	1
157	1
158	1
159	1
160	1
165	1
168	1
170	1
172	1
174	1
176	1
177	1
178	1
180	3
182	1
185	1
186	1
187	2
192	1
203	2
205	2
210	1
218	1
231	1
235	1
278	1
281	1
291	1
304	1
342	1
384	1

